20 189
23 242
31 295
42 345
65 393
101 432
143 463
188 487
229 492
264 481
295 448
323 413
348 375
366 333
380 291
386 247
387 204
80 155
114 142
152 143
188 152
223 169
284 168
309 154
334 144
360 138
381 149
255 210
257 241
260 271
263 302
226 323
240 326
253 330
264 327
274 322
122 207
146 193
175 197
194 220
169 225
141 222
287 219
306 195
333 192
351 205
337 222
312 225
170 384
199 367
229 358
246 362
264 357
282 364
296 381
281 410
263 426
244 430
224 429
195 416
181 385
228 377
245 377
262 375
285 384
263 398
244 403
226 402
0 0
50 0
100 0
150 0
200 0
250 0
300 0
350 0
