20 192
26 238
36 284
48 329
67 372
95 413
128 450
167 480
207 488
246 479
283 449
314 413
339 373
357 330
368 285
376 240
382 194
42 163
68 145
103 142
137 147
168 160
232 158
264 145
296 140
331 143
355 159
200 200
200 236
201 271
201 306
170 326
186 331
200 335
215 330
229 325
79 200
99 185
127 187
146 208
124 212
97 211
251 208
270 187
296 185
316 199
300 210
275 212
134 380
158 369
184 364
200 369
219 363
245 368
270 375
248 408
223 424
201 427
183 426
156 410
146 382
184 386
200 385
220 384
258 378
221 397
201 400
184 398
0 0
50 0
100 0
150 0
200 0
250 0
300 0
350 0
