17 200
20 249
29 297
40 343
59 384
88 421
122 453
159 479
197 487
235 477
270 450
301 419
327 383
343 340
354 297
364 252
368 204
37 170
61 147
97 140
134 146
167 161
226 163
258 150
293 146
327 154
349 177
196 212
196 243
197 273
197 303
163 332
179 335
196 338
214 335
231 331
77 217
99 209
123 210
145 225
122 229
96 228
245 227
266 212
290 212
312 221
292 231
267 232
142 403
163 387
184 376
199 381
213 376
234 387
254 403
234 424
214 433
198 435
182 434
162 425
152 402
184 394
198 396
213 394
243 402
213 407
198 409
184 408
0 0
48 0
96 0
144 0
192 0
240 0
288 0
336 0
