17 177
20 232
30 285
44 334
67 379
97 419
131 453
166 479
200 487
236 483
270 460
302 428
332 390
355 347
374 300
391 250
398 196
47 162
75 142
114 139
151 149
188 165
257 170
291 156
328 148
363 152
388 174
216 219
216 257
215 294
215 330
176 350
194 355
213 361
232 356
249 349
85 214
110 205
137 207
160 227
133 232
104 229
270 229
295 211
323 210
346 219
325 234
296 235
155 416
179 406
200 397
215 402
228 396
246 404
267 415
246 431
227 439
212 441
196 440
177 433
167 417
198 414
214 416
227 413
257 415
227 414
214 416
198 415
0 0
52 0
104 0
156 0
208 0
260 0
312 0
364 0
