19 70 71
20 19 71
18 70 19
20 72 21
72 20 71
69 18 68
18 69 70
25 74 75
74 24 73
25 24 74
26 25 75
16 26 75
23 72 73
24 23 73
72 23 21
4 48 5
48 6 5
20 37 19
37 18 19
37 36 18
1 0 36
1 41 2
41 1 36
0 1 68
36 17 18
0 17 36
18 17 68
17 0 68
56 9 8
7 58 8
57 56 8
58 57 8
10 54 11
27 39 21
48 59 6
59 7 6
7 59 58
38 37 20
38 20 21
39 38 21
12 54 35
13 12 35
54 12 11
31 3 2
41 31 2
40 31 41
31 4 3
31 48 4
23 22 21
22 27 21
43 23 24
43 22 23
14 13 35
46 14 35
14 46 15
49 31 50
31 49 48
54 53 35
53 52 35
52 34 35
44 24 25
44 43 24
22 42 27
43 42 22
55 54 10
55 9 56
9 55 10
33 34 52
29 40 39
29 31 40
33 51 50
51 33 52
45 16 15
46 45 15
45 26 16
26 45 25
45 44 25
47 46 35
29 47 35
47 29 42
27 28 39
28 29 39
42 28 27
29 28 42
29 30 31
33 30 34
34 30 35
30 29 35
30 32 31
32 30 33
31 32 50
32 33 50
52 51 50
51 61 50
61 51 62
51 63 62
63 51 52
61 49 50
49 61 60
49 60 48
53 63 52
53 64 63
64 53 54
66 56 57
58 66 57
60 59 48
65 56 66
65 55 56
60 67 59
67 58 59
58 67 66
55 64 54
64 55 65
