17 198
17 247
26 295
37 341
55 384
82 423
114 455
149 481
185 489
221 480
255 456
287 425
314 389
333 348
347 305
360 261
365 215
44 166
70 145
105 139
140 147
172 161
232 165
263 153
297 148
331 154
353 178
198 215
197 244
196 272
196 302
162 334
178 337
195 341
211 338
227 334
77 212
99 200
125 202
147 222
122 226
96 224
246 226
268 206
294 206
314 219
295 230
269 231
139 405
162 390
184 378
197 383
210 378
228 389
247 404
226 419
209 426
195 428
180 428
160 422
149 404
183 399
196 400
209 399
237 403
209 401
196 402
182 401
0 0
47 0
94 0
141 0
188 0
235 0
282 0
329 0
