18 196
25 250
38 302
55 351
80 395
114 431
149 460
184 482
219 488
253 478
282 451
311 419
338 383
358 339
372 294
384 244
388 193
48 165
76 146
112 142
149 151
182 166
247 165
276 148
309 140
343 141
369 159
215 217
216 252
217 285
218 318
181 345
200 349
220 353
239 347
256 340
87 219
110 209
136 209
160 228
134 234
107 232
262 225
282 205
309 202
332 210
313 226
286 229
167 414
189 401
209 388
224 392
237 385
254 394
275 405
257 422
241 432
226 436
211 436
192 431
179 414
210 406
224 407
237 403
264 405
238 407
225 411
211 410
0 0
50 0
100 0
150 0
200 0
250 0
300 0
350 0
