16 192
16 241
23 290
33 336
51 381
78 420
110 453
144 480
180 489
216 481
251 456
284 425
312 389
332 347
347 304
360 260
366 214
44 165
70 144
105 139
141 147
173 162
230 166
262 155
296 149
330 157
352 181
197 217
195 247
194 276
193 306
159 336
175 340
191 344
208 341
224 337
77 214
100 204
125 206
146 225
122 229
96 227
244 229
267 212
292 213
312 224
293 235
268 236
136 406
159 392
181 381
192 386
204 381
222 392
242 406
221 423
203 431
190 432
177 432
157 425
147 405
179 401
191 402
203 400
232 405
203 406
191 407
179 406
0 0
48 0
96 0
144 0
192 0
240 0
288 0
336 0
