19 184
26 235
39 284
52 332
69 378
96 420
131 455
170 481
215 489
259 480
298 453
331 417
355 374
369 329
381 283
395 237
404 188
47 160
80 144
117 146
152 157
185 175
257 174
288 156
321 144
357 142
387 158
220 208
220 242
220 276
219 309
190 327
203 333
218 339
233 333
246 327
92 203
114 191
142 195
162 215
136 220
109 218
275 214
296 194
323 191
345 203
327 218
301 219
150 387
175 378
198 371
215 377
232 371
255 378
280 385
257 404
234 415
215 417
197 415
174 405
162 389
197 390
215 392
233 390
269 388
233 389
215 392
197 389
0 0
52 0
104 0
156 0
208 0
260 0
312 0
364 0
