20 213
18 257
25 302
36 345
53 385
77 421
108 452
141 477
178 488
217 481
257 459
293 432
321 398
341 358
358 314
370 267
377 220
30 169
48 145
80 139
113 144
141 159
203 161
238 148
277 146
315 156
341 181
170 209
168 239
164 267
162 297
133 325
148 330
164 334
182 331
201 329
64 213
84 203
107 206
126 222
105 225
80 222
225 227
247 212
272 213
295 224
274 232
248 232
111 390
133 379
154 372
166 377
181 373
206 384
235 396
206 418
181 427
165 427
151 424
132 414
122 392
153 387
166 389
180 389
222 396
180 402
165 402
152 400
0 0
48 0
96 0
144 0
192 0
240 0
288 0
336 0
